63015
5021
35271
12871
58166
40389
31235
52896
29188
18338
44329
24346
62758
63083
46748
34519
20072
54969
63030
22173
20174
53047
62448
38313
26879
43522
16102
21567
16043
63798
50788
46600
6026
5833
65291
7432
57508
7175
29869
59101
64316
53895
40286
15339
6207
58787
35515
3383
20334
8684
57855
4732
44329
6842
61533
3726
53138
21549
30292
49919
54903
15751
30304
21932
8081
7553
47162
22582
56373
51879
46579
32474
63887
29569
43157
31032
48672
63293
54423
60068
59839
18859
31541
16758
9257
5386
8152
44843
7798
7908
15238
31846
64624
58942
23468
64509
37275
7717
21803
20395
42618
61860
52162
62980
41001
31989
47284
59792
54670
25368
36665
19180
7597
53610
5317
36349
24129
21339
53898
56161
61853
2634
15159
26361
21166
15501
2482
55458
10029
1680
316
17453
64943
47099
20458
15120
20030
8430
46459
36651
46785
15363
29105
50601
30134
24537
45812
8397
16220
57443
60029
59131
40023
3299
47181
32733
62249
64309
52607
57677
23244
36389
43816
7577
9035
32978
51376
9930
46457
59052
40841
12460
40076
28912
9963
27343
13731
61476
32875
35887
55563
50063
2809
47237
9176
1796
36702
29837
19304
41190
53697
62973
32220
41857
10855
27500
14524
19324
63859
53782
57214
30982
48991
59049
23834
8534
42772
57192
170
27066
33151
36991
49649
50830
21752
1874
15016
5836
36177
18636
56086
58244
22411
24202
48356
13396
16800
795
43518
9451
61503
457
7850
4629
32578
43257
17592
32282
24470
47357
25092
56147
12561
3277
43770
63029
58313
40734
45867
34866
20218
2327
10196
20260
56112
42938
29920
7984
47695
54398
12054
59823
25327
31635
35801
19543
33547
61866
60612
33587
10731
63896
26320
60017
29310
1723
58342
6398
8459
36212
5364
29831
49390
12932
57502
10963
45479
16112
16263
23018
41254
1962
45282
6116
30075
36104
27001
40347
65207
63325
25433
25
41783
53278
16478
46082
43974
26317
20695
13379
10942
34182
48116
25212
2558
64524
25884
3524
59601
9661
40827
44599
12978
9422
65453
62479
27898
28080
24786
39968
54013
393
42724
23330
56617
28600
32141
46087
11413
48794
7064
34203
62718
16130
7439
56710
57325
61132
63914
61117
34473
38189
48545
38678
14775
6940
40845
35945
21231
31567
52894
7256
43098
4781
580
26885
33797
11857
64328
15369
20916
40743
45859
61270
50493
46249
11664
52421
9784
50678
51021
51054
5924
17959
42481
34320
46453
17749
63828
51142
44985
28460
30015
28501
10403
64700
17917
29706
39347
12824
64965
11136
38426
55345
41311
37067
44083
1247
55864
39783
58927
53782
30971
21633
8280
63066
50196
949
5086
64671
55058
44023
40036
51779
46417
2694
47031
17625
50719
13920
55363
51480
62381
61001
5698
18416
62752
7410
37354
36266
43166
20078
35835
28720
62153
25547
63736
29284
513
51376
32801
34529
43367
52209
2065
18563
50846
32041
22042
59717
64662
16974
3404
51778
33215
1730
18473
4469
33886
63371
45575
48404
12015
41544
37619
12654
34222
16835
6973
22930
4245
29304
3432
60250
3180
64795
25577
35230
32722
7435
53140
18741
50458
1475
19042
57542
63691
63060
9913
18659
15762
38494
20734
60278
38180
9798
39537
55228
47760
44653
21741
62670
6047
8883
22697
6883
64634
22717
1918
13539
3270
47292
64025
23412
43966
63330
58913
9197
1454
18087
17528
30853
35795
3935
23991
41805
50727
40909
54449
25590
7961
35587
1441
30366
40997
20324
32619
16909
61596
42695
9172
5462
10738
17686
47438
2596
56468
34630
24
21994
26640
9710
15741
13274
65070
45471
53471
57976
8352
24102
15747
31235
10587
25426
55684
36511
16426
51335
12335
14701
9903
24929
14981
6064
21962
3835
20833
55280
36869
13113
27798
41613
402
17007
34775
40382
42694
55150
3065
2219
56978
12942
49362
29616
43308
34413
39099
34269
53208
8917
19552
49394
26244
14255
15157
58268
29637
42828
60537
11144
60244
60000
42033
64703
53221
26018
52127
45185
6378
37901
21897
64103
40722
39160
40999
39757
37316
9123
25984
23612
28119
28934
39621
14093
51990
43509
11505
10471
12612
21420
62128
32724
16182
56359
18072
21526
7085
10634
43793
6051
42791
5011
36910
51376
26564
3498
30287
51495
19876
5066
44584
12918
21189
32631
10096
56686
54194
7999
20350
27097
16591
18768
41515
51833
4023
9850
6089
64265
36059
16953
47757
50369
6431
28170
44174
34925
25180
51785
61622
27481
19833
34203
5628
62420
31767
7040
48123
32726
30310
35335
59356
56148
23485
28609
65028
6341
50491
5339
9659
58020
28225
54567
42711
15458
18265
40754
13025
54686
45157
61642
41973
29522
36656
13082
11696
5526
23830
40629
28463
52501
1443
63920
29092
23702
41286
60864
33363
37025
36585
13245
60932
28833
18181
47569
59098
24664
36073
39403
48530
32985
18220
58388
57758
27172
24922
13119
30009
12627
58395
52303
33150
45972
42895
50539
62639
61258
26892
30918
51537
54412
10665
52387
5083
33897
4657
12534
58063
52862
34243
18577
28361
13381
60446
61635
38648
7082
336
18201
58559
36878
24320
27125
32959
41906
20228
6601
20768
44161
3749
23405
36370
18906
9632
57132
32737
26143
14020
10472
20359
58573
52521
1862
29408
7682
5496
16044
19390
48380
8853
15565
30002
11718
62961
51010
2216
9492
10013
56234
16755
6504
3572
25736
37032
7895
40633
64209
8047
60645
403
20826
49756
40508
39621
28788
20235
21598
687
810
44653
52298
20906
19033
9498
14381
15447
9862
30458
31506
62503
4621
157
59177
58607
29059
44643
18681
15368
5205
11517
59994
46186
60667
49385
2916
56460
28737
47385
12928
30875
44329
53973
50480
26741
46207
1818
53091
50669
37813
39138
12114
52568
32153
64942
36215
23064
47452
19532
5632
8139
15476
5005
53910
61099
62113
57358
34412
22407
16850
31405
25269
59675
60643
46739
1443
45852
16363
56480
16856
58166
51610
26108
65508
32903
48847
2490
33666
29602
35558
23328
57254
5559
491
52663
31026
16796
19312
7691
27472
54819
2712
59082
25376
19844
22425
54654
7650
44963
1282
49897
10974
63806
20187
43685
341
61774
27490
33785
37835
54884
11459
4277
6119
31042
7053
17644
6514
3991
737
7676
60379
6157
21908
52689
37106
43869
10995
63338
50937
37658
50535
12568
28138
64219
23994
46091
55926
7905
64965
21121
23319
27564
38219
9177
49744
39012
13090
62350
35646
8306
40893
868
64598
33427
62277
1567
4119
5336
324
17520
51928
31387
49094
54388
19784
59940
388
38960
57953
13964
36723
29256
19628
5437
32980
40552
10690
49654
54984
65001
35840
32167
48211
32407
12793
8571
46492
63870
4565
7798
36744
1918
23949
54540
39709
24610
4447
22678
65404
27669
4318
34112
63444
45502
28722
10115
7931
26311
39686
40455
49653
40763
41438
42156
33658
16009
16060
56679
35301
30675
49368
653
39782
63520
16810
53213
47473
62051
24139
26401
25940
6419
26563
46070
16997
28647
27554
26779
23096
24044
61707
13074
32793
8422
8564
57550
54388
3595
53332
2569
983
6207
7406
14523
17621
34539
60846
25769
54336
48646
1280
19527
60525
11167
28194
54683
40864
48573
9850
33728
37390
7826
44742
62802
45568
20102
35767
39767
59419
32788
20128
39322
41950
818
35032
56226
58831
2507
65073
8735
10024
30988
32575
10322
55477
34766
1820
6914
33925
34848
32200
63592
35448
3182
34055
32713
27716
64167
39803
47973
1354
58004
57552
23337
25986
55380
840
37236
5982
27687
32892
54069
49925
62538
36999
48532
44746
4229
34513
5246
50226
6845
5045
61387
5020
14809
35879
64643
56433
38404
36442
20824
59580
53548
61542
39001
39231
13931
64741
17366
3991
61753
4437
58758
63543
25606
25686
53448
30910
51872
25598
16645
64021
49325
38544
64606
32478
2155
39246
31932
53854
28998
25278
60209
62410
36571
42272
42659
1619
10112
48715
65419
28337
61618
56084
59336
3397
53800
31585
21030
43858
15870
9230
35695
50237
30096
8395
55542
57455
29838
20257
52311
11942
7939
25135
47248
7711
50823
19954
13402
57126
45903
38177
28173
57359
49154
6883
19715
31198
65310
60710
60661
7284
30401
665
63626
14455
26123
28349
65179
10505
18635
49268
62158
27503
30161
17669
19626
19831
47929
29346
60798
56867
13326
64376
47955
12717
8377
39939
18197
12269
46555
45869
22145
63701
17768
16807
25987
18979
30023
23489
39121
2755
11644
35747
5705
11426
38314
23052
35663
55129
31475
46413
53274
10997
20424
56828
29777
1450
5783
15705
7807
4622
20695
13665
31932
64733
47593
37307
48206
11169
41233
53487
63261
28177
55550
29839
6447
1620
46022
22030
61146
31714
5811
48187
25313
45324
3735
46585
64050
26417
32524
29675
28458
134
60274
46762
3393
60645
27904
23909
36888
50446
28841
35323
64908
20414
21013
17590
57369
28453
14455
62568
61326
58382
12146
61283
17362
55859
42198
25241
13231
30532
32862
7880
28972
23742
36136
39366
56177
63517
29901
17698
4489
63928
9998
55100
32187
25805
50360
9625
47886
2291
19968
16220
38536
14517
23192
14419
17307
60797
10670
30338
17598
11406
49886
12597
60099
28191
3108
5368
14226
18101
45562
55617
49439
21661
17450
52396
11789
43167
42828
59701
57440
27247
11726
42474
62382
62937
30673
16817
38531
59382
29223
61152
40787
10039
31106
49894
54060
44790
51237
52467
44853
23082
50978
42578
2587
54421
54063
22297
17131
52111
45793
50172
52876
7193
26188
21441
47755
4044
26406
37093
11100
48894
1872
59856
2578
18125
48322
56370
5099
63191
50357
27174
3034
23295
13513
21756
4207
37519
40435
57005
13343
55274
56764
48627
47304
27100
18615
16044
10590
25810
5460
25531
35086
26201
19184
30915
18771
43121
7927
11326
12763
3543
30982
53691
47446
51565
55545
43645
2019
4048
7255
33643
29390
51663
564
45940
19436
44136
18202
16490
14037
2316
52704
16763
15098
34663
16746
31476
45167
45424
5168
62812
53678
44070
30938
8352
951
34043
38362
35027
59849
61214
64192
31386
55461
34746
740
15930
50675
18487
47585
4252
44227
13884
26916
9648
52987
46277
9330
49630
61667
11183
45585
37326
16625
42249
4913
16888
62579
13910
24606
9328
36549
19004
21587
33116
24533
10554
20251
11249
38341
43457
51658
8167
7443
62758
14738
43382
31014
27030
53883
52156
28068
23096
30715
13758
21299
8003
24701
17557
8686
55755
60522
36973
15585
37766
35499
16621
51362
12333
59925
34932
61502
59353
54805
5607
19223
44959
35177
25032
31480
54479
36491
20864
56866
40137
14328
15873
10277
23452
52504
31579
5688
12882
41734
62132
39898
38966
59295
36149
4738
2854
59067
9011
9861
15514
14630
60319
29958
10918
50610
60713
29190
36738
59221
40412
61244
25722
57200
61817
3216
64814
46272
6102
28241
60335
6303
5295
60893
45672
56819
23934
32101
38375
52117
27827
11335
50596
396
50389
3975
38906
41520
26886
54453
4465
51912
10209
26113
35657
21127
64514
293
32276
370
40349
17102
56638
62926
61014
4962
29603
24037
46708
60600
58434
39601
41728
38997
40697
43236
26586
9366
54024
59281
37021
7667
53532
12412
54773
63615
63101
23779
3638
35087
57718
3239
33657
55401
52995
25335
52026
46072
14826
27689
25332
3802
16545
36964
52285
61240
5268
2709
62057
38603
33088
56548
11502
27803
49043
30046
8395
30103
24590
27226
24611
35426
6579
3516
46322
38211
65057
58137
8938
34328
28075
28631
8987
21625
39040
6268
25720
18072
48047
61154
37160
53613
51088
5886
37269
55246
41537
8044
22161
6756
61328
10739
8865
12308
50121
17128
32526
63432
4366
7593
55837
23485
112
24876
41513
59690
64966
52971
4962
15443
16744
39104
6908
64797
23369
39004
20328
7652
16026
4843
65394
21920
23924
6048
38874
29693
28608
50959
17055
32061
53959
54340
58769
38145
63896
14935
26847
34030
19833
4983
27266
43607
58942
27989
38058
59251
13118
43779
2102
28443
24246
51448
58389
12293
3464
29226
5609
63525
61404
44533
25842
21527
52428
21600
25475
8688
43004
43798
56517
9024
35706
529
16183
28257
45921
18839
13437
49050
41788
14226
39755
9047
23282
10568
36043
6026
58926
37584
43113
1093
34035
28238
8458
20244
16709
65308
45648
52495
14957
677
43140
45774
39652
27256
16399
9056
24872
11655
16440
27768
31569
54417
56144
64561
57432
40789
12617
25764
15642
37592
52334
56774
38176
35145
20507
21626
16394
15872
60368
43048
24431
31353
31424
57699
24856
53645
21971
48087
30822
61888
41018
571
63847
20545
17874
21130
64107
47359
45155
50876
64460
28266
60567
18731
27477
47793
45397
24868
2346
12639
10953
51085
29923
26411
16102
44591
22382
54844
61347
41296
11183
48034
64718
47867
52595
43172
50344
32810
9901
31551
65018
47457
1022
58917
18240
5412
26081
31027
48248
26203
13445
20587
17860
26874
44365
1716
21636
835
59193
8588
28897
652
51868
36157
25521
60551
64053
46040
46551
37221
28526
29935
55186
43296
59327
48812
24542
13884
28816
5910
61195
37365
28620
35865
39041
46559
65467
9910
54087
54640
19292
7495
26999
12305
8060
41604
48197
53507
63366
32296
12736
58383
17858
46922
60330
17811
14970
73
40295
37662
64728
34805
30282
19643
38256
57164
39169
19062
25906
59588
64914
20476
35071
3835
59625
6636
35863
41761
30423
39582
56036
42296
38005
16596
8678
23728
51248
55091
3782
34454
9114
21909
50480
43338
28498
42467
62410
55449
1316
21378
17890
63514
56534
46819
35630
39658
15067
54949
15274
22
14622
58860
43463
12357
52060
56316
56536
30027
57540
60012
46227
12834
881
15097
49710
12611
32019
47369
15742
51895
2285
48396
14874
64359
10139
64488
62561
27737
9760
59750
23476
58277
46682
37792
381
32469
11047
50024
24568
33591
11870
4417
5644
63444
42428
30158
37666
33237
29017
51900
8789
36916
62879
50893
58391
1272
26112
35930
35625
62102
35387
33425
8709
55773
4842
10859
53100
49607
16303
57469
14261
55784
10014
28247
2907
37470
52228
38275
63525
36300
32574
9751
14612
44451
33583
19211
28097
2049
9536
14354
29135
46910
11565
65164
441
13804
6737
14171
45591
54124
60555
27250
63022
29057
62661
6357
10611
39321
44558
51108
17818
42778
51308
28068
56207
23720
47768
37316
3257
46401
46489
2927
29228
37267
53244
7877
33803
1230
28907
53287
6377
33457
16715
53720
41002
1387
14453
11253
40251
48410
53848
22583
46511
48015
13630
34676
36432
28263
51613
26554
17135
31732
42321
32900
21829
63775
8896
14389
12719
50023
6210
11647
20459
4615
3457
57215
25686
30328
50914
22477
33719
9687
11693
4012
60162
65280
28639
20462
61069
34862
23336
49511
28524
8180
3058
39568
15865
40533
11980
1129
34805
1667
30448
3308
64054
48197
43734
45475
50192
8448
4467
42890
20815
7455
29872
61820
44353
1600
4368
15479
48092
45592
8386
40929
30032
55099
45322
12774
53709
44008
40021
57504
16881
43533
63712
7192
52744
48711
12793
63637
25299
32096
8785
29504
19746
64274
11796
10235
51907
29452
63444
3622
27848
62870
30617
15753
54887
9391
21082
53117
18253
36360
62489
58700
29201
15009
7014
50243
39676
65131
11324
40071
52335
40244
35932
47011
24717
5634
19054
13663
16859
62903
53098
3356
30460
40451
31400
17079
39119
59349
32898
9597
15451
24609
61452
11744
18778
13107
8806
22714
51339
32485
3831
36266
26110
40318
41208
45517
19955
32285
4918
6521
11100
49432
37686
11632
12239
36669
57258
55554
13065
20572
4860
52769
14652
29519
40370
47881
65503
39668
32131
15180
32575
12195
51763
52528
36636
32256
62007
63125
54891
57824
20914
2527
51848
54147
58189
8382
36410
55933
41537
19774
16266
1921
34938
51122
17098
36495
13732
9676
55062
57956
63716
33675
43983
52281
15733
50244
30982
59725
2044
27354
21847
15756
17239
61481
4415
56681
16175
45665
44397
13412
44793
41088
7438
39331
8504
17259
3534
35246
41550
21892
22297
8700
14414
23667
43137
37787
32339
19163
44924
16999
39464
19361
25969
41525
7714
4766
51066
24507
19615
40552
31737
36022
63043
58478
64118
14573
6713
55145
22692
4790
48163
62668
6512
25798
39238
7954
52507
1479
46767
1333
3640
22166
9772
18261
55551
5103
56511
9865
62715
4359
7676
11923
46225
34396
27211
45052
23480
10624
5427
22411
20795
11504
65084
60930
34413
25560
46900
4517
57819
32200
45772
10422
18958
62926
8735
44971
58507
38997
24832
51042
50829
63338
8320
30651
48649
8427
48617
50896
28160
13340
60854
60602
17721
53655
28356
46446
28683
30543
61148
27309
39477
48869
24319
42043
26170
33376
44037
22251
58716
8551
1453
29220
53333
28919
38391
9088
57140
1659
22891
37448
64184
59076
57726
53540
3504
44635
22263
37540
9463
10475
48964
30514
44727
43365
21248
40596
2990
27943
889
47164
3855
62567
26618
28889
34229
56842
27972
3491
26127
45244
63274
60819
63949
44375
9562
27297
2485
50989
45936
7978
51611
3221
65082
63591
42492
60902
12121
38872
58946
46549
28665
41892
29008
24950
43739
41642
3997
55005
4270
35657
46217
53012
11171
31082
15680
25860
63364
62986
42567
17587
60136
45519
52775
10533
13337
5758
4622
2719
48117
510
26487
1443
37778
25758
42897
64695
44468
25833
63422
27750
38048
9764
17748
8915
14823
43346
27465
26594
48075
6937
2374
49031
13323
51813
36948
42862
2555
38175
44925
61375
55863
53283
1425
22426
3951
45440
13807
62647
7667
6314
41078
9053
57382
47288
52399
22015
1415
31118
43151
998
9798
7739
19014
1287
4237
16057
17145
6271
60248
60082
44787
59196
5681
25078
38711
45074
53841
28544
15792
13198
44749
30091
34453
21343
34373
9621
15650
47384
64227
27456
68
47821
60957
20124
64877
34918
36805
33213
16139
16136
35020
62581
50848
36564
10950
562
36889
29022
64623
33912
54992
65066
64943
53167
40767
8458
22829
44242
5734
21177
33752
61263
20410
10711
8037
64353
61244
14893
45924
50156
43825
39300
25608
25842
5101
19781
32373
31215
12021
8424
14670
13727
16010
19296
21459
54761
41491
61078
64001
11085
11572
11430
53239
25759
17288
8963
5186
42717
35320
33537
6443
29372
31024
1678
64014
27308
2664
12611
53563
18781
1452
39193
63327
12463
23254
64240
9229
40154
51546
22475
15547
11352
6313
22774
46608
8078
51592
60194
41152
57271
61229
52096
57965
54447
43067
24126
15553
5604
28872
7522
16211
18705
15235
48461
22679
15368
49933
24201
57520
58543
27631
21349
37896
48984
21356
55655
12580
50443
40885
63405
62529
60368
1405
51347
19373
8006
46603
6927
33088
56886
4726
10937
1400
22226
21824
38947
56111
34325
28058
36112
5948
54344
4694
17016
57337
33059
39516
58411
60191
32859
23562
57453
46692
12327
21343
27090
53461
43019
2413
9481
29317
41166
42992
46158
41189
20349
30905
6470
48152
919
24656
4563
27392
32354
25764
61763
64742
55167
56894
14074
41827
63176
599
57016
54440
16472
24277
16576
64647
42700
31705
48900
11796
1396
3384
8438
14046
55846
11528
27496
7838
28778
14533
35408
38015
39135
30943
15821
17843
16544
31178
7422
37198
47998
55788
61891
56439
30991
38384
51334
19713
26900
63024
55324
45956
4780
6248
1477
2297
1212
59058
40466
23096
35728
41782
39971
20857
47244
37812
44717
59922
965
35026
24609
14513
34568
25553
40374
44957
12950
30588
10019
21143
44342
19562
25421
39415
15151
62090
63811
33828
53042
55193
25140
18206
24784
51474
17519
40515
24186
36351
62618
28021
48579
47544
33989
37629
34848
32129
36278
18281
44526
48374
33141
34451
55687
48593
5673
61049
58325
63067
12904
39972
50083
15689
14357
11700
35049
14159
41869
60817
48009
2557
57626
59579
28923
64723
15510
20388
4325
42707
13401
20486
56974
4154
21189
1852
9523
14399
51057
20598
37716
18060
2102
43480
13838
9455
19853
9025
851
23149
7507
885
5775
52933
27532
28768
14183
40556
15466
35486
50539
61154
58627
37745
28765
19867
14871
18845
34574
60216
18342
15651
17342
24037
21331
60060
20892
15829
60411
11557
8049
47647
52572
63654
37402
53124
25550
34378
61500
54286
29563
42878
29827
34012
38706
44056
22318
25811
37420
39967
783
9024
52427
31848
63401
21345
21551
53607
24702
46752
5858
37428
34764
3949
23898
52058
7789
50443
10364
47256
64366
9188
10209
47036
4547
46260
17174
37442
48525
58017
37371
13693
47058
64561
40232
51254
53406
50260
35977
23196
56590
45629
16993
49481
33275
32724
20361
48586
4202
55259
21803
7639
63438
55154
59524
35008
3361
28176
5083
5246
48462
15060
34544
21532
55451
6603
2749
5841
65178
9641
64297
25844
23547
9123
32219
20859
1507
42993
49254
2376
48160
5931
3723
18550
55750
33694
39740
32919
9839
33029
17823
56279
27642
1890
37975
43204
8953
37196
61523
13679
50153
42705
53492
38706
59077
19192
26807
16390
36272
34800
54182
44781
36859
59277
15596
31033
41348
10704
57537
53623
25206
22149
3349
8470
58917
38869
20742
56198
63335
21527
58881
42560
57338
12477
13318
24033
44239
34544
3137
34956
40353
7561
49242
41468
14539
40964
29220
57982
12185
56998
46276
18017
5085
59633
41058
61643
18951
39801
43559
10626
52054
25114
16203
26458
62484
33341
40229
42954
35335
42188
46096
8145
46120
56703
61597
14490
25645
46238
25225
35878
24450
29850
22067
15149
48168
29018
38674
47968
45329
19074
54605
34857
50164
63030
394
56575
48199
49616
6589
43049
35026
11163
44558
53898
48355
57620
42005
695
45338
13737
27263
51040
36591
3309
13850
8309
45285
33649
14825
50326
7759
14112
21822
268
33756
30178
22152
45462
24537
36588
21643
44706
35718
33252
26086
23961
64281
21299
65521
42984
6263
29179
27308
48590
18911
21029
24953
55848
28946
5150
44952
14620
36368
19744
27377
21114
18640
26194
17427
19718
63899
53777
50144
32500
49566
3434
64254
16553
51361
58967
22701
49003
9697
42764
55791
2950
49684
4636
36597
21395
55362
3956
38278
11083
2167
27605
22225
57851
38200
13009
44310
41622
1051
50680
45617
60575
30426
5270
16497
43368
63279
59131
52440
24096
8267
47499
18464
41114
6632
21558
5754
35259
12407
34104
35058
43435
19962
44231
25910
39077
61119
45381
65069
478
59211
8704
108
10313
45308
36496
32114
9633
61978
12374
48706
32904
31826
17967
62667
52430
19002
22678
21117
48289
18591
12430
14791
5220
7222
19020
44445
23093
64920
6173
57598
21771
44389
25314
50707
29880
29596
50660
13450
33208
35319
33651
31253
40293
36003
32740
15470
7222
8068
5301
26954
52167
24332
18975
64612
14684
54288
51184
14262
50331
10015
12505
33826
29881
31633
51810
30549
26732
54644
42654
6016
13301
18666
56529
45195
19625
44157
48167
62174
219
23058
24911
43274
32580
29701
12414
23293
7784
48610
64364
60106
10885
5322
37720
44087
51991
53163
43732
35825
17687
10834
44266
51797
61068
40489
13094
36660
22735
5769
60696
34509
58214
37445
32470
45125
61552
39489
9112
23450
21594
33677
28708
28049
38279
27276
15759
39441
35686
32098
16927
36188
58765
49805
43197
51064
11542
32846
2316
11867
1871
53554
31857
3657
35532
45906
58217
14838
11242
38162
40276
59548
11287
50045
54710
52646
17650
43503
38363
13037
55747
13819
48971
39135
17785
6783
35149
22347
19427
49640
51601
3667
23501
27935
639
58106
54133
30338
29029
63026
42164
47646
55020
47499
50525
14073
57247
57381
31706
5681
22893
13718
50755
10897
64718
17618
30946
16938
35361
62668
27501
57755
42135
11862
15031
4740
60230
37562
28133
13300
47110
59507
63212
46190
14029
28446
23809
7448
33496
27822
5497
13395
20635
58927
21685
17399
10346
11554
42823
23539
4691
65017
47183
52321
65262
42048
55188
31179
45393
19445
19317
61959
45420
4946
59749
21374
57835
33058
54012
34048
39651
30184
29726
57190
51695
45942
19746
31089
38845
31258
7331
20892
1748
41914
21412
65436
7967
22333
25700
41215
7861
18893
9652
26904
21769
26897
3151
44949
7210
34002
20429
62330
8269
2543
25414
61176
48447
62846
56998
17635
35307
48678
39162
51130
37867
43558
51583
24568
11082
1755
14719
44826
43752
45957
9384
38599
985
10604
13267
46415
63208
44402
31904
42715
57131
55605
28579
29580
12066
47228
25340
23813
43294
44163
15990
24956
58134
15695
1189
33924
45597
17596
8426
18407
40804
14290
55725
58538
53813
12297
25346
61085
24809
39338
4306
43817
8067
50278
35363
36565
302
59343
64900
9237
1556
41311
42015
38823
51810
64521
6367
23693
51134
36971
2340
9814
36363
46690
27350
57908
62876
40799
21677
23249
41083
40574
56705
5777
44038
26647
58824
10913
57829
41281
59631
29943
12448
26141
57053
9141
13714
11519
36162
46988
34392
63769
54290
4854
23132
12812
55440
20569
46321
21029
25986
52105
4833
58279
37433
4540
1197
31288
59510
21934
52363
64499
6231
12649
4835
13621
53501
12273
6192
53045
38334
65079
9688
55180
16719
513
21904
15134
7884
46379
16489
7786
3863
11995
31149
42907
59081
55702
61800
6315
41199
33896
6151
34016
32294
34107
39205
41882
48335
3588
60974
36151
58258
33296
27181
580
29562
49292
6109
51577
60302
33736
17266
10644
23389
41156
53052
18623
12429
40223
12452
4692
62718
26501
33139
63413
6048
6913
19819
22435
2825
56721
56773
54347
45159
64054
2465
13839
368
53217
11904
33275
58229
55532
55252
39010
49264
63403
61380
17195
36066
22560
65388
34717
38155
49986
4535
13994
24388
2615
18269
37897
59096
57402
19193
23192
57545
3065
6802
56235
42037
30600
1575
51716
37486
44134
33555
5360
56364
19448
38620
18403
50973
32926
65395
30978
11112
19175
5211
1259
38819
4710
55038
31441
38940
22238
43861
62062
39335
32995
30836
825
56219
6752
54496
260
42172
41646
28439
57165
50549
63153
24715
15453
14066
2283
4881
20385
42997
52332
65338
25248
28165
60799
39679
46273
1690
54535
50355
40077
35570
18827
53504
1580
46560
50915
59119
23590
5533
59275
30765
22932
30117
41398
26249
45706
17123
49376
62135
13870
6699
15925
65324
31688
25241
58948
48852
2001
25829
7414
9009
8652
47765
52761
4272
45362
3156
33056
42018
7362
48466
43127
14337
4882
47592
38051
19368
21115
59015
57297
63355
40613
48852
53605
22478
59695
19010
62288
13259
33515
63485
40729
39755
4097
17034
38407
31554
1827
3972
39051
40281
19106
6895
45602
56381
23021
8031
43201
39898
48791
64258
39601
6185
54274
56041
54080
35597
35123
567
57504
24271
2471
37967
45322
48590
48079
64215
41170
19772
39904
8385
18383
56917
44450
36593
19652
52120
44873
2470
55291
34401
62504
48092
23940
54985
3946
20276
26932
4154
59614
59296
57428
49902
23291
2509
23223
17863
8894
62234
37100
13244
8414
52986
51193
46628
63386
31542
14033
47825
50660
1271
8618
59690
58435
29129
59175
22991
32845
14198
30274
19473
57889
57448
47950
38430
38622
40867
48920
7094
4036
28121
21314
50683
51212
28403
41615
36720
27601
33086
22795
56775
57864
25166
109
20930
54844
30030
8786
20217
13110
4259
6576
47354
60868
48861
42269
27409
54806
30099
22871
12048
18197
31043
47753
34832
50831
64099
4404
38791
40701
59075
26575
14743
62989
7386
26591
49415
45329
39316
41999
7634
61870
61835
22073
32171
31649
22657
55832
12708
22000
22403
28516
61692
19552
37947
47747
28197
41074
8188
37370
9433
57514
4956
25570
61243
54089
42776
17486
17926
48805
40583
27857
12665
48250
45193
32917
18988
1072
41640
23692
49185
39603
10122
25339
6212
31642
36506
6708
31335
25526
15870
36879
41193
10572
65093
35979
46194
1137
31019
21831
35131
29050
2936
40998
19210
48024
63702
52374
55570
9840
60186
52020
26859
38041
1320
28462
46009
23081
23570
56504
31064
21807
12612
26211
32487
41271
56513
4925
9105
62744
50290
32168
55198
47330
29856
42336
453
44360
33528
50025
48499
51114
22298
38957
36131
7063
15078
16638
38228
56781
24264
1112
28114
22329
64832
56451
13818
9800
13911
56389
36296
18473
9602
2748
9065
21364
20719
43305
56235
47226
55739
1899
30792
52138
3945
2006
59206
46383
10025
63469
43539
10756
12906
18560
30535
19747
35581
9357
24923
15629
60176
19310
10705
57954
64731
57470
7041
18369
31644
18509
25349
4741
65373
46915
56406
18915
32984
37213
23727
1568
2327
15293
60206
9131
39097
58442
53040
42113
22240
60260
64198
26077
15097
61651
44919
57400
17457
2169
34663
58541
51586
16918
61026
34384
37626
57018
29413
40792
39306
26037
6574
11456
38443
61602
51658
28460
31406
53413
63474
55166
57084
63163
2665
25076
24416
14286
2312
56909
48692
41280
54871
13480
13157
18249
8581
21289
49997
45524
18070
21009
21572
8698
28865
30966
53575
52925
43702
12058
56298
31993
43775
1160
29616
12538
21808
44625
24145
36478
48045
46917
62186
30048
5052
23186
16996
37576
35292
57034
7666
6074
56324
52995
8569
50392
45378
37186
23960
41439
57934
29737
27883
61641
36513
62066
29238
31128
33202
62193
11623
25366
10280
3857
21589
5883
44718
48625
325
39468
55815
50047
11888
30409
7201
38054
43276
62270
14252
32033
34399
63699
22042
37890
22742
27046
13324
60664
60198
32011
55949
18236
37658
46735
61922
15850
46244
45229
19923
65110
2508
53091
64918
46376
51672
43206
8727
44284
38243
15369
29565
12127
35404
53294
3500
38139
29224
45389
8689
35680
56180
62054
10621
4167
35902
42781
3336
61002
55304
43023
52236
46830
64360
30329
973
8488
17391
1692
11770
31871
5351
26963
18689
2185
69
33738
59523
22671
20123
60776
21824
42726
27704
21513
5415
32258
4829
53165
43937
5770
9240
61499
64922
36633
43790
47380
54028
29713
1789
31981
14853
2236
251
61828
60976
59030
23998
53066
54399
14140
17467
45238
9028
36815
60367
22424
39430
53389
60588
7575
51316
20565
28422
23913
42834
61665
12652
3796
9095
48511
55239
59324
40596
29649
12106
28224
41567
41476
23122
32462
20707
51976
46263
63662
7727
57917
8543
65028
12483
32939
28143
58164
61946
37384
47654
33146
13752
56213
29569
47351
26709
21732
16857
29781
25809
27383
57548
3729
44180
44502
39816
43730
44066
29749
6121
37128
54177
1424
28171
20389
63052
56584
59929
23450
59288
13321
18848
3143
1811
47042
65354
35963
35221
43326
8917
14905
1856
4076
43773
28670
38541
14828
37343
10181
53927
3440
32700
51244
56162
26338
43838
25279
31214
43416
36260
61360
39390
34781
50192
49557
40901
50833
16375
20849
14457
52430
36563
22105
61710
43575
64390
25495
54973
28166
38016
44642
14888
34796
2329
10193
44783
5318
56280
6123
32982
11926
19400
52929
54018
28111
25626
12320
43590
9680
8877
44134
41233
10595
1428
29180
25502
52109
56841
61397
45382
28332
27699
20811
49773
40268
17849
45412
28673
56036
38099
63693
50429
3855
11430
33240
29764
36790
35627
40540
35522
51333
4020
20723
58189
25980
49905
40628
51001
38605
25719
21009
41204
6749
2419
32373
1925
40459
52174
4363
4243
64888
7626
50447
12304
26798
31822
55285
18962
47332
33962
60859
31666
64208
27183
13358
37849
14914
9185
29091
44395
17819
63828
24801
18917
10072
63951
51620
29887
1791
62586
2993
30821
52339
39825
36322
22728
54681
26386
50718
61775
34481
10311
54018
26830
44992
55297
42495
26542
37685
17848
27325
21367
10076
20490
12805
38034
60757
7372
64059
53298
36848
8150
14437
36782
27006
15544
45888
8620
32874
45920
23452
63594
62871
17739
23314
63076
30441
33146
33838
12802
4258
58722
60047
59300
29535
22819
22951
23240
63032
2806
36683
58744
57038
2164
25111
45387
10468
18781
9870
5774
15588
36417
46874
3465
23666
18201
10920
21931
25717
52167
17618
50098
26217
50133
36346
50091
12548
35682
30834
58955
34653
38666
29576
49182
50444
26580
25641
29000
32494
9444
14719
35042
58434
3818
55577
41515
23730
25012
20560
36879
62045
63384
31689
31114
6732
62548
55646
18307
62427
60824
37922
17712
5295
48993
24301
51372
19824
23885
12825
35915
50890
56474
19953
52205
64252
16728
13117
23123
10770
60937
23355
28177
12542
50930
47816
7115
51656
48605
4084
37095
48035
24618
29082
36300
5815
48436
88
63472
14403
6071
11409
45033
43538
16722
37504
25966
40714
13173
8133
5510
35123
54333
52259
24662
14557
61341
28840
28518
14765
938
24888
45815
7427
9213
10378
28489
27896
16564
8810
22581
64641
61683
3379
26310
20790
62786
5708
56962
6123
65527
47630
20329
20344
57078
15480
37053
14665
49419
45889
53910
48732
63267
37001
1399
33411
58718
3465
33654
11310
4075
27791
64088
13047
58385
24535
41285
30488
7787
20359
35813
35085
1921
34919
36555
43951
58143
63338
23924
37977
60118
26583
41442
24418
10651
42017
47845
53397
3532
40454
61148
56823
39167
7495
38005
48617
43651
38964
37883
16734
37706
56171
10353
41163
15892
39291
23658
5070
45832
51430
46539
61514
46364
21644
17638
2092
7996
21382
50756
33488
51015
59165
40536
36220
28361
4823
23295
37354
4804
41490
30726
34280
23526
42700
64282
12646
49972
34946
24249
16118
26383
24037
34339
18615
2170
9510
55776
47228
43696
33957
22331
47920
27196
5968
27938
9031
35496
40631
46810
27794
12478
51435
24175
31285
38374
5688
26879
10662
39822
6205
53647
44590
13606
298
35753
35370
45761
22517
13823
52818
17564
2454
61486
37534
17130
28596
13604
62464
37425
22776
40298
42807
54199
3110
7557
22085
58275
5264
63606
34995
27179
47649
30833
13853
27926
2252
62445
11740
52948
48622
20666
63721
124
34712
13208
46630
40063
24854
27179
27187
57961
56598
23828
60881
17853
11373
30608
40668
62018
38442
57215
34927
37316
61318
58345
2005
3923
15928
20065
55562
35251
1344
23935
24559
59588
45983
11110
17048
51092
12113
19648
12751
62191
32603
31413
1728
4037
47455
46784
29482
10345
30045
64739
30205
25916
43491
26427
34100
31519
38377
52327
8341
31514
12607
62008
49145
9825
34251
25684
61976
34800
28419
35219
8974
19382
36212
61430
19342
62734
20836
40124
7249
4121
23281
57456
12088
37100
60400
42024
36850
59995
6425
9757
2704
46550
57852
58090
35660
49463
59608
16124
10908
29808
20738
64634
4279
40612
42308
13116
8051
9118
7702
47886
2132
21973
61138
829
19607
27334
28730
48878
3507
43200
36796
43527
22464
49708
46802
56140
57398
2587
12071
15079
4529
11900
20671
3082
330
37640
25552
39468
59233
37764
32765
56948
42540
27234
1173
17353
49604
38271
44893
532
27097
62916
51363
58353
1714
27303
19183
38761
18198
46114
15330
50145
65253
61235
30060
10288
24287
62208
9433
40651
13302
16708
64413
13585
1379
4561
38858
11079
38793
55865
24312
43002
43883
56943
52800
32759
31650
10906
10089
62680
46898
49563
27730
55063
8121
64838
6438
52561
31780
15591
53425
10730
38949
47067
53362
59040
62288
11397
3715
52772
3883
45126
9191
6933
8814
29194
27601
52504
19694
41515
45656
10342
5973
47829
63047
49346
51898
64655
11105
29900
28054
31282
24766
23157
14821
666
3925
17733
3527
1143
27773
18247
19885
28350
31070
12616
53457
64492
45628
34082
18779
7076
6069
4228
9311
51482
13795
58494
20844
38693
63527
43402
39785
46445
40068
42789
21403
60844
50927
48569
50202
5385
44052
59623
23286
1806
9467
37388
49049
46852
49706
17602
20097
30819
38613
38345
8841
51222
10609
29809
51157
39797
27631
444
15821
14992
59692
51236
44281
10424
64197
20193
38996
38336
44520
32680
35433
49682
41891
62713
14887
52940
61618
28132
32581
39904
47265
485
17712
32534
57417
30678
24137
13642
44007
7227
34223
6913
25996
43602
20508
62384
29164
46292
52049
17178
10159
11642
39451
23264
11942
3305
31049
30483
32313
64452
7144
12021
17481
31601
26660
55553
22421
37446
6274
42940
16357
23330
42075
41937
4629
25227
49055
58306
24922
2041
463
26119
11273
10825
33533
34026
64298
42193
15755
5722
20421
12261
65279
8971
58944
34896
39808
10541
32105
44526
61798
45566
16280
6997
47471
2458
38959
50724
32159
15106
21358
56751
6283
29845
60620
20816
14414
4432
63852
40117
28200
49463
42823
44806
25162
17741
2966
53629
57761
61202
27700
12508
48984
45318
64981
43900
54019
38248
36760
18295
35320
35383
59060
3938
40482
56086
27731
26667
12200
33529
62639
55950
50547
4637
1229
45637
53490
33320
25630
49138
9771
55414
37871
6277
56177
22954
47052
42025
10383
31799
12109
39150
21433
14929
61808
1973
47017
26036
39289
3250
28730
50312
48358
12318
5895
53193
13383
46993
9354
50209
57719
31295
26058
8825
26295
31977
64717
58341
56583
13098
52108
26893
53991
3143
17364
55959
28105
8340
4939
22636
51130
40475
24315
11056
34609
1653
5570
13115
18465
31243
34294
31032
18314
45061
57710
2281
40734
17566
44436
50338
57777
40761
23174
38633
30786
35472
45622
22513
56469
45485
22877
38108
40205
47812
48645
14956
45571
31
50120
16931
60600
43778
61803
27140
18757
56509
54516
18495
51864
24653
60856
60896
5932
27712
51533
63017
61922
24683
17400
47062
57025
32246
41202
18459
40534
53120
43955
62004
5669
2056
14175
50360
47910
63515
46536
56978
52849
40758
58739
46647
30088
41274
5835
51393
41032
61098
36758
21143
53404
59531
49428
7877
50720
17856
39338
23124
57264
18210
25397
61283
51026
3467
48485
53804
26938
21401
17040
59407
21490
42228
21302
3308
42697
21985
57428
30804
42581
48923
8115
12045
695
27583
61451
44565
62190
18011
64700
46274
13625
32928
34813
2703
23835
44258
50694
46120
62330
58127
61222
17159
4681
7182
44937
40382
45186
14430
2426
25565
6476
6015
21564
43934
62145
35308
32380
54418
61463
23843
4518
31099
56786
27944
34871
34981
26656
58320
59127
65075
46053
34892
51648
36856
5425
10176
61230
26852
59439
19957
29578
56459
45175
56902
4750
8296
44014
63430
24750
50972
44271
22002
5881
55373
56448
26664
34721
50627
14042
3556
13839
11818
15525
44807
32757
29139
24316
39097
37017
8346
41803
8178
20078
63586
35199
22435
49802
39168
10681
27491
6038
5605
30538
13637
34200
42118
26029
48239
21764
59129
13019
43773
30319
42217
49663
32147
33387
26351
31060
25367
20068
4126
41295
20069
8222
37750
53811
40104
5731
31801
62466
24311
53241
6948
47910
22313
45248
10380
40529
45721
3152
40250
39284
3664
57138
28276
37961
23498
10939
61318
18290
56
29548
44363
30133
56426
14218
19683
27939
27611
43254
12310
41329
17722
21812
45633
14793
44117
55188
8228
16758
49994
57668
48056
32027
6762
36191
26551
34117
39863
15138
28906
64117
30165
194
54794
39588
28575
43985
65299
54983
45614
1314
31745
35746
25904
42522
29043
53314
42861
65062
37920
20697
3088
54674
35560
33662
56532
6852
38188
17598
35000
57646
27242
36935
22855
42862
42480
28985
58774
27727
63
56390
1452
28245
20420
24063
64870
2241
47183
6103
45306
30045
1749
64023
7647
53605
55206
45205
45476
33161
30377
8952
34274
8340
64620
32209
13798
2300
10513
64474
34248
40021
33944
43630
55817
52812
55462
43760
62932
5896
21284
48829
47554
31732
25402
56580
17466
34357
47344
32219
33102
12652
28092
2017
20228
18735
50986
48767
32575
24060
12871
2503
8956
15054
33537
38747
11286
62604
24327
54073
16719
40740
39956
64851
29945
4336
45126
37335
7202
19914
49952
53929
28908
40971
38079
2492
59613
44344
23426
14149
11763
64558
62827
29541
46213
21666
31259
17340
56418
48004
47813
54614
15610
28528
24865
26186
8736
42307
29797
13375
50265
11655
6342
45347
52397
40320
59684
42274
45396
59520
58580
51746
58351
38183
42520
8806
8451
61964
7274
19698
49821
8555
29528
21465
7660
38701
10267
53488
17323
16825
31589
37203
62554
18353
33198
29833
55210
51447
65430
29472
61618
14536
36633
48103
23927
34014
28006
26458
27696
27872
35381
40673
25636
46598
7811
6381
19826
13374
12509
52798
22426
57019
51759
51024
45470
5107
61161
38726
38777
21829
1049
23674
4762
37181
38577
8752
21651
62470
16749
19933
64048
6149
2184
17050
48771
2958
41002
57939
65135
39414
53293
27692
33814
64853
22213
56838
49987
13734
36136
6160
58953
13647
45098
2877
22061
52867
43647
60427
25916
22724
42610
32890
35662
34662
19985
20941
54716
34899
23251
21805
16739
48044
16151
30494
29550
52108
55839
16207
15819
46256
10829
57163
10645
26178
23624
17348
3000
30909
54450
65435
37927
22750
29821
61511
37487
34797
34294
63600
8546
32283
28170
3887
39802
41652
2315
13758
23972
44855
58767
61932
46739
8024
5615
43215
2895
41026
17549
9229
42471
57548
53709
50118
38733
33779
61166
8491
29838
16678
6478
25668
23124
31748
39583
43808
43702
21023
2362
14467
29167
40110
60176
10947
40233
24510
36513
7693
49597
16771
59447
23112
34912
4291
53704
2706
7097
42877
48805
14801
43469
14001
35859
9541
39540
62144
1461
48077
53505
6307
15595
51262
4712
22431
61759
54472
14940
9930
36247
27434
47946
25521
47181
14158
4074
22002
51221
43312
38118
44160
18733
27487
25939
49192
44488
63148
53742
28707
18984
2340
42294
15674
43965
4300
9842
11635
62471
25413
19178
30786
35946
7537
49366
13933
4707
5341
31325
18933
43086
5616
36013
21817
582
34988
43170
16627
52138
54380
57810
54770
57766
37403
20326
22670
9259
53285
57889
54647
40836
57907
8992
47956
43508
12179
20163
703
21888
8299
24175
58051
33474
20655
46106
25629
65074
34394
24993
46139
21304
52422
38957
64841
27476
61329
38589
16115
13524
27736
8157
18909
43635
26253
48038
7106
58037
27405
43619
32480
12566
48942
1299
23544
45200
47946
55411
16278
15364
16387
37672
25211
57801
27698
4632
11750
10589
5263
43658
51254
46093
26242
34692
65404
36376
30457
21512
44002
63095
14873
46043
34514
16920
14119
45067
7415
28709
40959
55660
31792
348
39318
44712
35988
30920
58930
53999
39426
15167
28888
36537
34369
49261
28953
5402
16186
17038
35191
50544
17730
21918
17643
29528
37291
35546
43641
58836
18464
47649
44275
41563
17308
32944
60542
57855
60470
52748
17189
29779
26136
34092
38730
20895
45542
12041
3792
3705
15922
3221
48662
39688
37699
18875
32538
9385
52855
45029
9848
14862
22095
23775
1672
10935
44277
46176
59614
56470
19272
17702
38811
64012
11058
13292
51975
65213
63336
13085
64061
60344
62176
27763
52982
46714
48113
37615
50769
6465
20932
64467
41573
42887
13143
26850
12067
30400
54397
34192
9451
13371
44304
19093
39985
12538
8459
19059
18700
64963
58197
61698
22828
64346
23898
9018
30882
50860
29307
56433
29472
650
11717
35638
18804
63684
36441
39528
17404
28092
1154
61177
22664
10553
38377
58339
408
49910
64392
53493
55156
62920
7787
61788
9589
4943
24803
27216
32920
27909
2889
2636
38613
53812
55777
25452
47503
8195
58138
19388
7805
14249
9637
42335
23749
9975
30193
63379
4782
21267
59555
30773
13016
53865
8244
1080
45627
40623
27546
63790
15534
28565
8871
38671
7882
54824
37422
5449
41059
17193
20427
34558
36375
39874
24676
25050
27237
22004
48058
56446
41646
65007
1614
63504
28389
1306
28215
46699
13190
49148
54651
3844
9237
21656
38904
1432
29189
56050
34350
62288
14692
42830
41552
7479
60126
27957
21155
32165
15688
27740
21083
42278
62576
13045
51260
37966
38704
8161
63024
30028
62130
12132
49775
34288
32749
12548
24701
17560
52149
22147
7736
12
53256
18006
13559
15838
31639
42877
43745
28123
330
56533
14320
4959
13907
64592
9024
13626
29155
9867
9499
23415
20772
37900
13271
25845
60324
61073
53585
3662
1962
52794
53153
7195
11303
8887
21716
9614
6539
53063
6202
4090
27775
48163
40864
56101
27775
42368
8308
38862
28589
61683
11470
43679
25237
20179
53881
24273
38270
64827
10571
24696
26764
29744
43357
8920
25734
6333
19276
53318
23953
12531
46516
29594
42746
6834
56403
1792
58305
32456
51192
4087
29047
21625
32732
36275
29303
40539
65226
5357
49418
255
25174
30203
11399
7336
22812
52960
34214
40557
35019
34278
34144
38996
58814
32605
18604
46163
64652
61378
44894
44711
42167
16400
6312
44647
36499
2065
759
33767
63024
38412
43851
10906
62254
62250
35850
65093
19370
52544
34411
5872
57829
56769
25523
29422
34342
12220
45012
41661
1433
3273
63546
44943
37991
60340
47003
776
50921
24467
13406
15841
56896
37158
56759
25806
14952
35882
41945
36222
3852
53014
33579
27404
46480
42054
53486
30637
48776
36706
38234
45011
30556
32221
47548
6487
18738
26396
14218
23121
19505
57279
27328
28092
46705
37053
16652
10452
17200
21386
49695
31896
63316
16139
15847
38356
49646
24303
12330
63445
49549
51345
3699
10293
33719
5288
13097
36445
53769
48066
37213
52120
32302
6244
32011
55976
30979
30944
43124
32701
9346
40329
47215
14590
17498
58996
44768
46906
53480
39063
51519
38344
44774
61879
51194
42169
33701
24925
59800
20824
767
51613
45628
55516
61457
61220
64389
38590
59174
7034
53776
47464
33568
21663
39089
50347
243
61213
49877
40668
22203
23147
60686
64548
62629
46973
15201
12651
45056
7652
46217
26222
33567
63917
13932
38222
34344
198
48458
44896
43547
27435
29288
62642
2632
13780
7773
39973
34514
34354
50977
59370
28599
11693
1295
34940
42439
53222
25246
2052
35965
25600
20145
53420
41827
23554
38658
43894
46526
40371
39829
19560
51734
37007
5718
43430
6141
12243
44602
51319
48472
21862
35440
13519
193
9396
46007
41124
19199
31712
6383
48065
29316
2795
60288
20634
59455
5207
65415
22383
8384
24209
48869
62410
39357
51625
18033
18402
13061
56906
33821
31105
37368
21155
54254
39609
6765
37367
9544
22474
29689
33678
38551
62792
40622
65260
26394
5530
51511
31635
55882
28398
2286
34011
18263
46666
52427
62703
54402
34914
33282
15971
49475
15353
44137
29138
52317
24499
21398
60499
62834
15953
58433
26720
35199
56270
62970
64251
55098
9804
15125
13244
16445
8440
31861
42156
25593
37291
34757
33688
5664
53033
18951
51369
57537
39209
2246
1291
29154
37885
15264
44821
9827
24111
57724
18424
49707
46973
35633
53965
8247
35946
41515
54995
11173
23962
6150
20395
53527
33967
40039
8192
11971
44943
13478
33033
9421
64155
29520
65289
4680
57900
22379
12832
13094
19145
45142
18051
5694
60557
29649
31081
45932
11238
14894
41448
32970
27926
3591
55122
63084
63731
44731
43026
30725
63691
30957
1951
40127
2195
7396
42872
41298
30196
13495
7411
50941
16166
9044
20386
37006
9628
16926
60859
43628
37080
38100
4377
33755
37923
47650
20511
45860
53847
31210
11487
14400
30031
53928
10047
28940
20696
34325
4362
56902
58345
569
46052
57853
29105
46202
38642
53761
45430
25043
17764
27155
17739
19692
37191
53745
4196
51726
48904
4528
54142
11567
52309
50842
43029
1659
10538
25451
30371
34339
4225
11046
46082
13738
27024
29515
45279
23009
4517
34711
37283
60994
26602
60518
20136
25392
65297
19823
16525
33836
4556
13356
7142
25795
42174
2512
8033
32112
9997
16249
744
62264
52707
11767
57952
37271
61146
9635
53203
5178
21126
40670
35050
5231
40577
15989
48985
6555
39312
36815
63279
21204
41836
48098
26424
2640
55542
63280
44466
58050
21523
6105
55412
24613
57275
51573
61261
62643
5606
38812
45947
22324
12754
36196
49110
52709
19119
61358
29917
128
55707
52119
14037
18973
47261
51201
53409
64735
2143
54213
39464
21385
58833
60495
59353
54869
14071
11486
17706
24471
2093
4158
8707
64461
38925
53421
19965
42608
48926
17591
42059
48217
19066
60569
44611
29371
2626
1913
35253
5657
27203
40182
6220
22009
47378
26874
42807
23160
26135
2865
58662
38982
4031
41252
30712
43852
35269
34928
46119
12917
8646
34435
64523
25324
15723
1078
12817
38525
50338
13562
3326
34053
9050
13869
49310
35756
3378
4970
27605
57282
47980
29526
38007
62861
6259
24553
55277
32781
24952
47862
4843
30318
48290
33350
53520
24716
31902
21942
58571
5179
46044
55378
50069
16360
31954
61238
2629
20767
30577
10036
27206
40906
43056
41803
22256
58270
46865
7221
50698
6051
14349
30342
48283
64012
57581
35268
53575
29422
34913
56704
23425
24487
36249
65267
41609
11614
59791
15396
16791
59072
61917
58457
30230
42131
42958
5971
27033
48345
40765
58920
17794
33353
51981
14031
48259
3764
15844
53876
56577
22196
32698
28377
37909
47561
31645
58302
22755
30146
59356
13226
45306
20154
39773
29259
19244
19583
58866
26995
18127
62192
51468
64632
27572
17542
9110
56284
57425
51107
48181
44384
56174
11409
54894
43557
35611
36946
6638
17717
2468
25708
51201
28297
30949
61513
50135
62404
37047
57652
63905
57002
39794
27290
34262
40282
51494
38425
45603
8770
27462
34406
49772
13872
57093
34710
41448
3871
52912
42484
37176
44770
55710
58145
35763
65099
40635
33199
11438
3956
12897
3419
51148
27311
51973
43913
2404
36367
40195
32120
3507
32770
14681
14795
17080
13710
58269
56613
45280
53496
46587
53612
22825
26855
742
42307
25611
43944
38490
4818
27561
28442
2425
58529
24623
60099
26199
23598
40114
44138
35863
24392
46018
54018
22361
2411
44526
9984
22376
21730
41510
23683
25701
28533
35551
25708
45966
58098
52312
18212
36398
3350
22047
38602
22559
47412
60128
58162
26698
64698
21653
59157
60220
5190
27201
31233
5918
61796
35072
27203
19412
47808
51578
11562
38739
37305
52158
38049
36166
30241
16148
57433
18981
18430
15460
25820
28086
42065
65035
24674
27702
56814
27348
40977
59260
14616
37198
22576
8688
34073
52862
48050
56982
30960
63375
45933
36495
30570
15927
55944
39357
48839
53836
40971
39396
34874
27935
36010
458
22403
20830
11637
47113
60711
40243
64847
64594
32054
12956
26315
35579
55364
36271
11940
3441
47317
47490
29181
46508
30200
65094
52590
31214
60963
31465
21002
10802
12835
37106
24467
20358
57123
2613
38046
1568
21734
63717
20773
40327
54354
57731
35942
40756
37643
39950
49069
33571
37403
42635
25406
23171
30635
53878
1440
45676
29080
16355
40269
36427
41677
15019
57163
29171
10654
16782
57693
65250
58591
62116
24252
9396
39766
44203
1506
1606
57724
7806
39778
19702
8159
17696
1587
38619
12828
54088
6067
22602
31909
4286
42604
15051
28418
2384
36671
45215
33288
31212
28745
40069
8614
64254
22739
13825
53338
64317
17133
52198
51174
35538
60029
8627
61752
14448
37568
18500
45518
55368
48548
44215
207
7358
64108
49669
29774
60328
4567
19326
49401
16905
22416
48791
22747
14840
50388
64530
54079
5751
9497
54595
37585
25625
48248
35682
28168
50359
34285
25907
53770
31252
8925
10881
25991
33812
49817
49563
59801
41283
58398
34890
52739
26930
50644
22638
60071
29279
12842
63207
10930
34379
44366
11396
47159
13129
25084
56213
21147
57225
14325
4727
41038
45176
56348
41055
884
55254
22623
63553
5558
53360
56763
53047
50536
47190
23309
54801
61601
40822
44951
11434
16419
18379
35195
48762
7095
33134
5814
9153
61644
18978
2593
26527
59305
17688
16261
3085
64761
36080
27295
22400
42977
61856
28588
33721
12860
36908
53094
8266
5425
65128
25326
9604
27782
41858
18450
51051
50186
38773
1761
10788
58632
17361
116
48397
58702
39473
59442
56308
8576
5663
65493
43606
35652
5285
53023
17789
16720
40409
3513
8576
42595
10643
25367
43336
58816
8648
51580
37113
47593
11995
39444
32738
11150
60191
37852
10543
36783
8796
49955
5365
19419
26328
52347
42736
5807
37082
31525
62191
36641
2278
17509
28817
14554
35124
61168
47036
36325
37061
26109
23546
20632
1157
47731
53658
22481
19651
62232
31063
41765
58104
6895
45082
3817
49192
16079
47931
18253
59412
6537
12211
4708
57215
22626
63816
21436
27777
25081
23471
20096
50741
30472
13007
22409
9818
58411
9875
55601
33512
44978
25910
6
6900
65451
16859
28416
13954
47207
15885
56187
60234
63288
12084
7061
48676
61542
18697
38847
117
15899
27484
18220
12518
7826
31539
28170
48450
7329
29811
12727
10547
46725
30565
15258
12101
40637
38307
24686
15342
44732
50229
55106
42053
27575
10350
36407
36883
22643
21075
21438
61901
34687
36475
22725
41850
25683
11804
25979
43544
35489
5911
14862
23514
19436
22977
11879
22223
22176
16886
40108
62557
40151
43694
35720
43506
15908
29948
1815
18066
15113
61531
27745
43537
29480
51747
24408
42835
42547
9308
17413
65048
31324
64763
64142
61358
5791
41288
18894
25495
43065
56901
13412
7532
61095
34643
10378
11903
43280
47019
29598
53506
62243
24058
34189
44609
52312
33824
54515
54009
553
10329
29329
19638
62266
49120
64279
17824
34599
52053
15627
36053
8940
48667
39367
30159
3188
9596
22374
16447
7678
55347
21778
37003
14953
40151
31211
25666
15128
48671
54380
59744
7178
226
39647
6410
46265
3856
60875
64821
8828
33033
57377
34665
62392
19601
21858
2041
55001
63729
39634
50536
5927
60998
50063
9820
52134
36343
15562
32812
65440
9901
59996
37650
53045
5104
7635
28471
38159
983
37274
30550
19089
58296
36553
21317
27215
9110
28469
17179
54128
7816
15200
46127
45918
10973
49800
32844
55741
64334
35724
1234
2933
39271
2175
52500
45368
3959
42219
40232
3992
46540
8011
41020
213
45348
585
28570
61849
17726
12617
57480
31673
30018
59683
51030
28349
11450
53291
23663
23921
32437
47633
54462
51960
31369
44786
54020
34616
63205
48677
18127
22949
45130
21443
44016
52285
52971
62182
54982
43394
25602
51477
64834
24981
15234
3355
9880
62029
20742
60618
53271
49967
2160
3604
58641
16780
2322
56967
53931
5789
57266
11960
15163
49859
31105
19596
49029
21504
23631
42068
28098
47222
10996
6812
8780
49894
38590
18430
1266
31850
13607
1084
25732
28876
41463
52513
5355
38249
26664
46745
15976
12804
123
19177
54180
65204
43998
30214
9766
56996
44476
7476
22967
28046
32021
24120
27809
7256
30693
21125
34837
38957
50727
32643
8022
58379
41213
39003
731
8484
30154
25406
51977
47175
21388
16710
10614
44568
60692
48484
6050
41395
34640
15675
65065
3134
36844
22505
62477
59750
26427
39726
5650
47567
45329
42352
39636
36687
5134
16839
48750
37996
22182
28577
39167
18628
54626
9430
16289
51295
3670
36257
47912
34902
39563
62706
41899
17390
10999
15073
16863
19294
9377
58702
6534
43675
56991
31184
35210
63939
43657
41614
11031
10482
44274
42730
13533
51843
40800
55944
43455
25307
16018
45538
53025
54690
32113
60980
52761
26156
18236
20682
18306
4845
60440
62513
9763
38944
44661
50486
16439
52604
39829
36662
38788
28547
29991
51174
43516
50577
5292
59345
40572
46960
2338
21877
25696
61736
36967
17826
49779
35974
33843
12474
46745
5085
15245
43161
42785
11954
49203
37716
3013
59968
12248
22221
23864
45404
25587
20284
53588
40250
45081
3376
59037
55518
5543
27066
12798
13508
51438
46407
57104
50520
40783
27036
33663
30916
46209
65071
47603
11471
38449
10589
65234
27525
31606
28777
50550
30194
26719
5890
20711
64881
20076
22889
51421
55925
59009
15598
43137
45217
5821
32351
2345
44566
20308
32440
57107
49464
10484
3913
57171
31998
35021
7818
835
30509
10751
46792
44321
15398
26026
12579
18773
41540
1580
37975
44751
29481
122
32333
30951
59467
20307
65075
47850
2855
15181
46231
7390
38271
8053
51986
22448
12442
20580
55376
64044
53286
8830
57658
28324
14475
35380
50982
38196
52587
62481
45974
36965
1236
60776
22457
28979
55122
32639
53308
38509
36977
39758
39384
35050
20688
49972
61475
38424
24386
2227
51090
31038
7922
24760
61903
58
32668
1328
46168
50443
33244
7258
58284
40270
37070
64677
9702
52707
14818
39997
27145
64558
45121
28991
52048
44865
20025
21185
11380
17677
37179
1969
33781
51975
55307
51447
31652
31361
45637
36099
7395
34184
27720
57026
24494
18509
36733
33751
49056
59198
22493
44949
55269
1589
13857
25864
38609
46724
62709
48303
31627
16134
21975
46414
37398
62113
58797
18590
27226
37852
35722
1461
19456
62130
11662
50620
16117
9414
43436
60646
49113
58880
6966
25844
50870
19242
56251
29996
1585
51742
49986
38996
52154
21994
27004
45280
44537
6595
43117
22906
25183
14415
19447
11126
42226
13105
61535
55250
28217
8600
40335
4904
28204
55593
58782
31787
28728
14896
55283
9482
31828
40388
21703
13867
62828
2523
21865
34018
54888
29359
30911
52729
20646
44684
53295
40597
64466
35549
22523
63123
12792
42788
50302
12429
64630
4597
34860
57986
23688
18895
10206
54406
24597
44300
49644
18923
50048
19901
32030
62866
47246
48714
7668
32879
16939
17617
24367
8655
33479
38296
12962
14234
26467
10734
54743
50531
64518
3322
49521
22760
3641
36264
42646
17309
23492
59211
43920
13153
51029
33740
35430
26697
1489
18457
27946
8897
20894
45311
12180
17232
22107
58636
40435
50614
26565
26177
58781
28370
7328
54759
45475
58183
28542
5252
3645
15579
30400
52289
23988
14518
25216
27541
55705
22664
23046
2761
18969
57300
40648
17564
15297
17267
6221
27689
57530
22246
3781
56862
98
17152
48838
38074
12402
48053
4087
17832
60466
36912
44236
24912
39739
60030
17912
14941
6213
58856
44041
4741
35506
5844
63642
58433
38970
11823
12170
26632
11150
31837
16528
54271
1630
28438
29011
1918
62986
22619
48049
3353
36302
45661
65418
14793
16752
41785
65102
17990
58421
61665
41336
63749
41881
36255
52482
5723
22578
17069
6691
19558
54237
45283
20182
29411
34998
12803
63316
26001
65274
32109
55137
27376
20681
62790
54646
8083
30179
4668
40771
63418
58299
51047
58259
822
21898
17603
12509
12518
16637
39442
19572
37671
30720
6550
12244
55647
31102
9182
64170
63384
21830
11584
28903
15987
40863
65315
64952
6829
45274
49707
53988
11079
11822
43342
62891
16147
58774
14266
14980
64354
34848
13952
11481
52136
39380
52638
42567
3534
19380
47870
20502
29943
5347
960
54275
19921
11692
64606
48471
52933
63809
5752
3820
27771
51683
60471
39427
50218
58754
7177
34311
35438
62423
43961
64939
56998
48765
36900
3278
59254
34004
59061
20458
29476
32022
34135
33275
37645
45960
489
63090
30180
44048
10068
38376
47929
34365
11522
13094
26483
50527
7968
23364
55865
51822
55829
62459
20283
33913
4517
55648
21649
26094
43147
51478
55769
55013
54721
58325
52211
12214
31430
45839
40653
39035
926
54883
30619
35995
31197
9971
60957
47018
24996
37215
35751
11966
54877
2423
25312
14175
125
7587
63263
44160
35013
65069
57292
33020
8283
7433
39484
34863
3802
24791
21580
146
29403
59151
47127
499
64386
53416
59791
9017
34439
9167
37707
14620
19339
51527
9993
35957
18070
9338
37543
37724
41894
26496
48066
30551
63245
52328
47952
42028
37011
33201
23641
49993
43729
8970
41102
60754
49658
56898
29131
22788
43723
24332
18272
54143
28856
14749
8343
21572
64401
58238
35004
14994
3242
57044
13631
5741
16809
2403
45674
51826
23577
29882
46154
28303
50987
58717
39659
43996
12339
58584
2676
56189
15335
14740
20307
2347
41230
40220
13055
14077
42664
13238
31876
24941
31600
50803
8782
61417
37182
2935
63922
22613
7396
8718
14333
13427
56563
61776
16016
39920
64134
54819
4850
55571
56796
42930
51040
38349
40939
19912
42986
34222
4991
33204
38549
26977
3122
53790
50332
23754
31779
39174
38702
4695
28062
58113
42282
15338
25296
58064
10500
14332
10479
31944
34353
63904
19203
31968
13039
18586
4547
40925
22280
51256
64079
61046
31060
15310
17072
876
46052
3590
34155
17728
60700
65519
18925
21557
44018
23416
41283
16396
2585
22184
13608
13816
62998
10865
21324
26492
16958
15663
3102
24106
62672
47279
56988
14961
7022
50398
31344
4469
20972
55692
55265
64803
59781
12721
28180
45083
7873
34583
29839
46815
7926
54793
63100
46545
54395
1780
26213
65405
33717
16449
33932
32457
40506
49226
53861
53761
60125
48644
34009
27042
35293
42534
60262
45991
850
4912
17936
55987
1286
60121
5223
2189
29328
46890
52148
24771
54062
39460
58761
8930
41898
10849
39626
4047
29661
844
26513
54980
8573
12775
56596
62639
17447
47978
29669
39953
2456
3100
22386
12926
2369
44823
24748
11568
8622
45633
10018
20892
44421
18249
33392
20686
10855
53415
47385
35790
39500
8599
15574
54507
29757
8478
64938
14915
57414
5981
46879
29298
47621
21477
17
28349
31222
57820
3024
6682
64340
9387
27884
40236
31141
20679
5207
56066
51361
51302
23633
45324
35424
61829
17772
57242
52060
55255
58966
39501
49063
50585
43122
63776
58125
22710
33216
26960
38409
6708
45027
5529
19605
57180
28301
53572
45950
50256
29713
46318
42494
15071
36637
22559
9584
18196
27181
29270
45368
53199
22764
40154
57069
16457
62984
3460
46651
1991
17467
56991
28265
21105
54419
45862
33252
61196
30346
62694
34380
26483
9345
62189
14339
18999
58806
20659
25664
29077
36155
36269
18802
41200
8349
7485
63993
58954
52587
6550
57781
37522
39690
35618
26650
57911
14621
31766
10512
48
18303
7255
52599
26427
35325
16156
43352
7879
4168
35402
25650
5409
36368
64696
3845
25739
30394
65428
44643
61481
43490
20688
50368
13607
51941
29757
56609
3596
6052
58862
63403
52667
22237
11729
8576
2996
46582
56898
8172
39433
63776
23633
29173
28796
54226
24894
11061
51408
12229
58902
18025
26320
38543
18770
50753
12777
37364
63608
36544
51377
44520
28196
47767
35745
21319
60973
58242
18507
8334
15687
61890
18092
17061
3753
51066
34372
10241
31140
25537
16428
9127
40868
6929
30855
3861
62011
28518
9443
59305
16507
53282
29707
24555
11438
45988
12627
13409
61950
39026
44699
24272
45973
44058
65438
57002
60491
63869
59900
30120
15293
16376
4351
13202
25985
26740
26045
63978
17727
42040
8382
25858
49858
43647
2609
48308
48091
63801
18503
12945
52376
53399
59052
63501
30480
55942
3775
25890
19263
40752
56298
51013
524
1948
58994
40506
29558
31313
2709
46341
21549
9788
44937
29734
57530
34315
50168
47143
31530
19262
42945
1874
10776
60671
25403
59914
51672
52921
19858
59487
56819
49164
62084
13344
31729
57513
6855
58204
49172
44375
48467
27152
59499
8157
65497
64059
20821
30397
22654
2684
34923
54766
51574
10813
4946
32993
55202
39050
45966
39365
30767
765
34523
56714
13611
20680
2290
50952
35653
61231
15619
5565
38189
12238
7014
38858
4814
38635
39013
43307
59155
2528
63197
13417
2067
12629
51725
42652
3888
22855
44285
35110
53724
52456
20381
34357
9401
57804
19447
55949
23138
57869
46335
25728
12059
30810
45645
61491
45764
1276
44405
9845
11708
48353
62548
65344
20002
61066
41825
723
51287
6870
57259
56368
24255
64587
31756
14483
50311
17487
51512
28865
34339
7147
39367
39683
23379
52896
13057
26882
10880
37743
27138
23085
38900
33320
10183
24891
37445
8476
4453
41811
26502
57051
46662
45955
48412
11792
58975
32514
11220
49671
12970
27928
55812
9483
29609
57127
60407
51164
22635
54811
11826
29975
19299
56294
57696
5847
56261
56696
60855
13115
52944
600
17327
37430
19314
16350
47748
36905
50713
30555
11527
25058
48822
60091
24451
47162
18992
10890
46148
36541
36452
47799
4569
35422
9635
2257
34528
43501
25763
8024
64220
22814
63981
21419
28415
6042
33445
49320
22572
28107
3844
43978
11259
60786
46034
33768
